1638	436	0.627515
699	436	0.491734
703	436	0.700475
394	436	0.846293
721	9	0.80104
449	9	0.80104
490	9	0.738928
702	9	0.841958
711	9	0.77339
448	9	0.897
710	9	0.774811
456	9	0.774811
446	9	0.77339
147	9	0.839233
712	9	0.839233
454	9	0.80104
452	9	0.77339
145	9	0.80104
709	9	0.752183
1474	1858	0.573588
1524	87	0.500062
656	87	0.644764
103	87	0.500062
85	87	0.592047
675	87	0.445391
417	87	0.407822
373	87	0.607724
680	87	0.694635
90	87	0.67064
112	87	0.694635
412	87	0.465029
660	87	0.570658
1027	87	0.454439
97	87	0.621163
398	87	0.476926
654	87	0.605621
658	87	0.621163
673	87	0.60634
80	87	0.500062
399	87	0.558539
416	87	0.621163
674	87	0.62021
81	87	0.529476
1724	87	0.500062
409	87	0.842245
666	87	0.621163
110	87	0.461125
667	87	0.402171
402	87	0.506826
425	87	0.491232
668	87	0.513906
418	87	0.616126
376	87	0.534919
393	87	0.591148
790	319	0.676777
784	319	0.676777
281	319	0.676777
263	1300	0.569786
638	1300	0.569786
468	536	0.804461
782	536	0.806186
1750	536	0.898314
1739	536	0.726367
486	536	0.813392
750	536	0.840877
437	536	0.737712
696	32	0.651523
406	413	0.409293
107	413	0.819438
382	413	0.752538
1152	413	0.752538
84	413	0.819438
396	413	0.636054
401	413	0.752538
74	413	0.819438
431	413	0.642857
665	413	0.636054
647	413	0.867701
670	413	0.819438
1138	413	0.819438
78	413	0.819438
653	413	0.512149
410	413	0.636054
651	413	0.732973
20	413	0.752538
63	413	0.819438
67	413	0.512149
1693	413	0.636054
69	413	0.724882
408	413	0.752538
375	413	0.421145
649	413	0.539116
1831	413	0.724882
100	413	0.551713
644	413	0.752538
1833	413	0.874575
400	413	0.636054
645	413	0.636054
64	413	0.819438
664	413	0.512149
1522	413	0.724882
657	413	0.512149
414	413	0.47478
76	413	0.874575
676	413	0.752538
681	413	0.819438
62	413	0.636054
659	413	0.409293
99	413	0.819438
381	413	0.752538
391	413	0.636054
669	413	0.512149
75	413	0.819438
403	413	0.819438
740	413	0.642857
385	413	0.636054
392	413	0.512149
1797	1303	0.47599
322	1303	0.455551
1474	1303	0.697386
1416	1303	0.418238
1002	1303	0.414732
1277	1293	0.795091
431	441	0.794884
458	441	0.826315
1798	441	0.79079
1775	441	0.741
740	441	0.794884
865	601	0.586732
1256	718	0.575576
698	718	0.823788
1587	718	0.559959
132	718	0.680278
455	718	0.762962
1055	718	0.607929
482	718	0.720244
503	718	0.564674
671	718	0.757539
1240	718	0.682108
1252	718	0.578308
230	718	0.615175
1731	718	0.553323
650	718	0.651286
27	718	0.574156
43	718	0.599847
1841	718	0.553535
16	718	0.603227
1061	718	0.723607
1549	718	0.625
115	718	0.587758
466	718	0.823788
1236	718	0.665959
465	718	0.757539
442	718	0.823788
700	718	0.823788
717	718	0.823788
787	718	0.573172
692	718	0.823788
124	718	0.695538
697	718	0.760208
439	718	0.757539
690	718	0.823788
1836	718	0.5595
1495	718	0.580542
705	718	0.757539
460	718	0.757539
695	718	0.757539
153	718	0.823788
49	718	0.679383
121	718	0.678501
707	718	0.757539
87	1524	0.500062
656	1524	0.84641
103	1524	0.728
85	1524	0.560963
675	1524	0.659243
417	1524	0.535977
373	1524	0.575694
423	1524	0.753511
431	1524	0.626491
680	1524	0.524956
90	1524	0.545627
112	1524	0.673694
412	1524	0.753511
660	1524	0.675343
1027	1524	0.569054
97	1524	0.764749
398	1524	0.705517
654	1524	0.705517
415	1524	0.402466
658	1524	0.595908
673	1524	0.445989
1638	1524	0.626491
80	1524	0.48
399	1524	0.661038
397	1524	0.453168
407	1524	0.576698
416	1524	0.595908
674	1524	0.854965
81	1524	0.695399
1724	1524	0.728
409	1524	0.551204
666	1524	0.595908
108	1524	0.592
110	1524	0.605838
667	1524	0.554997
402	1524	0.501029
425	1524	0.612369
426	1524	0.547474
668	1524	0.5175
418	1524	0.620643
740	1524	0.626491
376	1524	0.70253
393	1524	0.476857
678	1524	0.524956
1211	1310	0.51674
1474	223	0.565419
356	33	0.579189
1474	33	0.570829
1474	1779	0.569007
1358	1779	0.45308
1017	909	0.583874
1100	909	0.666667
1094	909	0.6629
1711	909	0.666667
1462	909	0.545806
1101	1421	0.534279
1816	343	0.431944
297	343	0.705713
957	1428	0.412776
1484	1428	0.421574
1289	1428	0.400714
1366	1428	0.413548
1870	1428	0.874166
355	1428	0.432
1474	1428	0.654919
1815	1428	0.423239
1297	1428	0.712
1245	1428	0.459077
1391	1428	0.52506
719	459	0.71531
708	459	0.67393
389	632	0.600201
1114	1337	0.561806
1108	368	0.461936
1424	368	0.48612
87	656	0.644764
1524	656	0.84641
103	656	0.84641
85	656	0.810087
675	656	0.780976
417	656	0.872678
373	656	0.827327
423	656	0.649299
431	656	0.682574
680	656	0.665166
90	656	0.767261
112	656	0.867607
412	656	0.905999
660	656	0.877964
195	656	0.487193
1027	656	0.79361
97	656	0.899468
398	656	0.825014
654	656	0.825014
415	656	0.665166
658	656	0.899468
171	656	0.452277
672	656	0.477509
673	656	0.684819
80	656	0.84641
399	656	0.872678
397	656	0.687976
407	656	0.828502
416	656	0.899468
674	656	0.757428
81	656	0.941367
1724	656	0.84641
409	656	0.665166
666	656	0.644619
108	656	0.84641
110	656	0.903786
667	656	0.62298
402	656	0.645784
425	656	0.842327
426	656	0.663905
668	656	0.71531
418	656	0.687976
740	656	0.682574
376	656	0.944262
393	656	0.620308
678	656	0.867607
943	1679	0.664749
915	1679	0.500111
951	1679	0.441448
1704	1679	0.524464
1498	1679	0.409801
1	7	0.691436
413	406	0.409293
107	406	0.583983
1152	406	0.843401
84	406	0.583983
396	406	0.46737
401	406	0.843401
74	406	0.583983
431	406	0.694257
665	406	0.46737
647	406	0.471698
670	406	0.583983
1138	406	0.583983
78	406	0.583983
662	406	0.447198
653	406	0.583983
410	406	0.46737
651	406	0.708084
20	406	0.843401
63	406	0.583983
67	406	0.583983
1693	406	0.46737
69	406	0.441071
408	406	0.843401
375	406	0.660712
649	406	0.444067
1831	406	0.441071
100	406	0.447198
644	406	0.843401
1466	406	0.441071
1833	406	0.46737
400	406	0.46737
645	406	0.46737
64	406	0.583983
421	406	0.843401
664	406	0.583983
1522	406	0.441071
648	406	0.46737
657	406	0.583983
76	406	0.46737
676	406	0.843401
681	406	0.583983
62	406	0.46737
659	406	0.471698
99	406	0.583983
381	406	0.843401
391	406	0.46737
669	406	0.583983
390	406	0.46737
75	406	0.583983
403	406	0.583983
740	406	0.694257
404	406	0.682604
385	406	0.46737
392	406	0.583983
1726	1345	0.7011
684	1345	0.644887
872	1345	0.604464
1329	1345	0.565296
1587	1345	0.555155
72	1345	0.616105
516	1345	0.558557
1064	1345	0.574762
948	1345	0.581403
918	1345	0.629492
1030	1345	0.565808
1237	1345	0.571561
1012	1345	0.570139
886	1345	0.6
885	1345	0.606821
1048	1345	0.622586
1662	1345	0.553054
1028	1345	0.573867
1341	1345	0.614708
549	1345	0.574385
19	1345	0.593435
887	1345	0.629492
1363	1345	0.676777
41	1345	0.61155
1044	1345	0.624646
990	1345	0.609584
1109	1345	0.585979
1129	1345	0.579786
379	1345	0.616105
986	1345	0.593287
687	1345	0.5533
1321	1345	0.637715
1854	1345	0.61336
1	279	0.483341
828	279	0.42894
126	279	0.405413
696	279	0.722783
1766	935	0.427889
977	935	0.736083
1141	935	0.403843
77	246	0.620824
866	246	0.620824
761	246	0.664252
203	246	0.620824
958	1177	0.702627
953	1177	0.517743
1124	1177	0.516823
1276	1177	0.502353
884	1177	0.520577
1317	1177	0.418639
1260	1177	0.408077
898	1177	0.697808
1018	1177	0.440861
382	1215	0.4
1152	1215	0.4
396	1215	0.8371
401	1215	0.4
20	1215	0.4
579	1215	0.724507
67	1215	0.895285
1693	1215	0.8371
69	1215	0.798807
408	1215	0.4
649	1215	0.80317
1831	1215	0.798807
644	1215	0.4
400	1215	0.8371
645	1215	0.8371
421	1215	0.4
648	1215	0.8371
657	1215	0.895285
676	1215	0.4
659	1215	0.843401
381	1215	0.4
391	1215	0.8371
669	1215	0.895285
390	1215	0.8371
404	1215	0.777778
392	1215	0.895285
928	876	0.560968
1474	876	0.60171
1495	876	0.412881
936	150	0.589202
505	150	0.670941
492	150	0.670941
696	150	0.796078
303	531	0.551675
1807	531	0.573333
77	531	0.663299
866	531	0.663299
1876	899	0.401509
1214	899	0.573721
1474	899	0.576999
431	89	0.808607
740	89	0.808607
9	721	0.80104
624	721	0.667705
490	721	0.515682
702	721	0.439757
711	721	0.548594
448	721	0.554243
1492	721	0.667705
1481	721	0.667705
135	721	0.80104
710	721	0.54995
456	721	0.54995
446	721	0.548594
147	721	0.689055
712	721	0.434404
452	721	0.751335
145	721	0.575
709	721	0.528341
21	464	0.4
934	939	0.412611
1419	939	0.607833
1345	1726	0.7011
1388	1726	0.7011
87	103	0.500062
1524	103	0.728
656	103	0.84641
85	103	0.560963
675	103	0.905554
417	103	0.535977
373	103	0.575694
423	103	0.580407
431	103	0.626491
680	103	0.524956
90	103	0.545627
112	103	0.822431
412	103	0.926615
660	103	0.675343
1027	103	0.443419
97	103	0.764749
398	103	0.705517
654	103	0.705517
415	103	0.402466
658	103	0.764749
673	103	0.445989
1638	103	0.626491
80	103	0.616
399	103	0.661038
397	103	0.620643
407	103	0.709183
416	103	0.764749
674	103	0.854965
81	103	0.695399
1724	103	0.728
409	103	0.551204
666	103	0.764749
108	103	0.728
110	103	0.605838
667	103	0.554997
402	103	0.501029
425	103	0.747568
426	103	0.547474
668	103	0.70875
418	103	0.620643
740	103	0.626491
376	103	0.70253
393	103	0.605532
678	103	0.673694
1011	881	0.685966
873	881	0.794038
1214	1723	0.551596
1177	958	0.702627
1809	958	0.529203
953	958	0.454885
1124	958	0.451896
1276	958	0.447495
884	958	0.464145
1052	958	0.426863
1474	958	0.581741
1245	958	0.439415
1402	958	0.542436
898	958	0.495789
1246	958	0.47346
899	1876	0.401509
1474	1876	0.635665
1457	1876	0.600385
1345	684	0.644887
1388	684	0.644887
1474	1206	0.593386
1214	905	0.586328
1771	905	0.653989
536	468	0.804461
1750	468	0.55985
1739	468	0.509338
486	468	0.610227
750	468	0.439962
437	468	0.520223
864	610	0.75289
205	131	0.8
413	107	0.819438
406	107	0.583983
382	107	0.895285
1152	107	0.895285
396	107	0.579001
401	107	0.895285
74	107	0.625
431	107	0.723607
665	107	0.926401
647	107	0.934372
670	107	0.625
1138	107	0.625
78	107	0.625
662	107	0.555781
653	107	0.625
410	107	0.926401
651	107	0.880693
20	107	0.895285
63	107	0.625
67	107	0.625
1693	107	0.926401
69	107	0.877964
408	107	0.895285
375	107	0.826164
649	107	0.552177
1831	107	0.877964
100	107	0.889249
644	107	0.895285
1466	107	0.548728
1833	107	0.926401
400	107	0.579001
645	107	0.579001
1522	107	0.877964
648	107	0.579001
657	107	0.625
414	107	0.583983
76	107	0.579001
676	107	0.895285
681	107	0.625
62	107	0.579001
659	107	0.583983
99	107	0.625
381	107	0.895285
391	107	0.926401
669	107	0.625
390	107	0.579001
75	107	0.625
403	107	0.625
740	107	0.723607
404	107	0.532103
385	107	0.579001
392	107	0.625
1574	347	0.552656
1639	347	0.548068
1143	805	0.637546
1185	992	0.642239
1318	992	0.525512
1026	992	0.464917
1132	992	0.406286
913	992	0.597383
1544	992	0.557111
1692	992	0.540533
932	992	0.587542
883	992	0.646253
904	992	0.601958
942	992	0.554419
874	992	0.674317
1755	992	0.687467
1033	992	0.482451
916	992	0.571086
878	992	0.653885
1171	992	0.646253
1805	992	0.446
1766	992	0.615293
1702	992	0.587542
1555	992	0.553834
964	992	0.586223
959	992	0.532729
997	992	0.428503
984	992	0.620983
1141	992	0.414148
1761	992	0.614804
980	992	0.657459
686	704	0.835775
87	85	0.592047
1524	85	0.560963
656	85	0.810087
103	85	0.560963
675	85	0.555952
417	85	0.508903
373	85	0.869344
423	85	0.552387
431	85	0.613228
680	85	0.639422
90	85	0.459505
112	85	0.639422
412	85	0.717134
660	85	0.788845
1027	85	0.586555
97	85	0.566888
398	85	0.626129
654	85	0.50916
415	85	0.523163
658	85	0.727507
672	85	0.597083
673	85	0.737542
1638	85	0.613228
80	85	0.583704
399	85	0.771836
397	85	0.431036
407	85	0.517452
416	85	0.727507
674	85	0.597083
81	85	0.663335
1724	85	0.560963
409	85	0.664334
666	85	0.566888
108	85	0.689832
110	85	0.739848
425	85	0.573235
426	85	0.519558
668	85	0.67572
418	85	0.590333
740	85	0.613228
376	85	0.670256
393	85	0.512003
678	85	0.498251
1474	1551	0.622169
876	928	0.560968
1474	928	0.587932
1495	928	0.554802
21	688	0.4
805	1143	0.637546
1262	1143	0.437898
1239	1143	0.645624
1850	1143	0.509274
1669	1590	0.49149
718	1256	0.575576
480	1256	0.575576
470	1256	0.575576
472	1256	0.575576
694	1256	0.575576
413	382	0.752538
1215	382	0.4
107	382	0.895285
1152	382	0.4
84	382	0.895285
401	382	0.4
665	382	0.8371
647	382	0.843401
410	382	0.8371
651	382	0.800965
20	382	0.4
1693	382	0.8371
69	382	0.798807
408	382	0.4
375	382	0.757855
1831	382	0.798807
100	382	0.807729
644	382	0.4
1833	382	0.8371
64	382	0.895285
421	382	0.4
1522	382	0.798807
414	382	0.843401
676	382	0.4
381	382	0.4
391	382	0.8371
87	675	0.445391
1524	675	0.659243
656	675	0.780976
103	675	0.905554
85	675	0.555952
417	675	0.625246
373	675	0.491147
423	675	0.529931
431	675	0.602598
680	675	0.476848
112	675	0.747061
412	675	0.84603
660	675	0.614338
1027	675	0.433007
97	675	0.697659
398	675	0.597429
654	675	0.597429
415	675	0.635797
658	675	0.697659
672	675	0.575303
673	675	0.406534
1638	675	0.602598
80	675	0.557821
399	675	0.738927
397	675	0.566041
106	675	0.407021
407	675	0.607318
416	675	0.697659
674	675	0.787914
81	675	0.637637
1724	675	0.782398
409	675	0.50069
666	675	0.697659
108	675	0.782398
110	675	0.709677
667	675	0.504254
402	675	0.568995
425	675	0.668569
426	675	0.631347
668	675	0.649249
418	675	0.566041
740	675	0.602598
376	675	0.64439
393	675	0.589729
678	675	0.747061
413	1152	0.752538
406	1152	0.843401
1215	1152	0.4
107	1152	0.895285
382	1152	0.4
84	1152	0.895285
396	1152	0.8371
74	1152	0.895285
431	1152	0.782843
665	1152	0.8371
647	1152	0.843401
670	1152	0.895285
1138	1152	0.895285
78	1152	0.895285
662	1152	0.807729
653	1152	0.895285
410	1152	0.8371
651	1152	0.800965
63	1152	0.895285
67	1152	0.895285
1693	1152	0.8371
69	1152	0.798807
375	1152	0.757855
649	1152	0.80317
1831	1152	0.798807
100	1152	0.807729
1466	1152	0.798807
1833	1152	0.8371
400	1152	0.8371
645	1152	0.8371
64	1152	0.895285
421	1152	0.4
1522	1152	0.798807
648	1152	0.8371
657	1152	0.895285
76	1152	0.8371
681	1152	0.895285
62	1152	0.8371
659	1152	0.843401
99	1152	0.895285
391	1152	0.8371
669	1152	0.895285
390	1152	0.8371
75	1152	0.895285
403	1152	0.895285
740	1152	0.782843
404	1152	0.777778
385	1152	0.8371
392	1152	0.895285
483	1688	0.553709
1277	1688	0.599679
87	417	0.407822
1524	417	0.535977
656	417	0.872678
103	417	0.535977
85	417	0.508903
675	417	0.625246
373	417	0.521753
423	417	0.453137
431	417	0.636083
680	417	0.423028
90	417	0.476983
112	417	0.551776
412	417	0.632284
660	417	0.567432
1027	417	0.637331
97	417	0.616895
398	417	0.520029
654	417	0.520029
415	417	0.423028
658	417	0.616895
672	417	0.643913
673	417	0.461827
80	417	0.535977
399	417	0.712963
397	417	0.815952
407	417	0.644576
416	417	0.616895
674	417	0.643913
81	417	0.718586
1724	417	0.535977
409	417	0.423028
666	417	0.442108
108	417	0.535977
110	417	0.627052
402	417	0.55958
425	417	0.532933
426	417	0.734067
668	417	0.534941
418	417	0.469172
740	417	0.636083
376	417	0.72587
393	417	0.533574
678	417	0.551776
718	698	0.823788
132	698	0.778388
482	698	0.840105
671	698	0.897697
480	698	0.823788
470	698	0.823788
465	698	0.897697
692	698	0.419355
472	698	0.823788
697	698	0.901819
705	698	0.897697
460	698	0.897697
695	698	0.897697
153	698	0.419355
694	698	0.823788
707	698	0.897697
1424	1158	0.438456
1464	1158	0.48063
1345	872	0.604464
918	872	0.506762
1388	872	0.604464
886	872	0.516502
885	872	0.463706
887	872	0.886834
41	872	0.403067
1044	872	0.586732
990	872	0.61413
1321	872	0.557885
1345	1329	0.565296
1388	1329	0.565296
1474	1319	0.606199
718	1587	0.559959
1345	1587	0.555155
1388	1587	0.555155
480	1587	0.559959
470	1587	0.559959
472	1587	0.559959
694	1587	0.559959
1811	284	0.465311
30	284	0.607088
1638	284	0.595783
1345	72	0.616105
918	72	0.433678
1388	72	0.616105
887	72	0.433678
1044	72	0.409211
1321	72	0.476659
1474	967	0.587259
1259	1231	0.561741
718	132	0.680278
698	132	0.778388
482	132	0.420706
671	132	0.537755
480	132	0.680278
466	132	0.778388
1236	132	0.816244
470	132	0.680278
465	132	0.537755
442	132	0.778388
700	132	0.778388
717	132	0.778388
472	132	0.680278
124	132	0.960977
697	132	0.54664
690	132	0.778388
705	132	0.537755
460	132	0.537755
695	132	0.537755
121	132	0.666699
694	132	0.680278
707	132	0.537755
65	214	0.468683
758	214	0.454021
1143	1262	0.437898
1239	1262	0.660031
1830	1262	0.429742
1175	1262	0.465494
1850	1262	0.632927
1214	1079	0.611049
718	455	0.762962
1252	455	0.427995
480	455	0.762962
470	455	0.762962
472	455	0.762962
694	455	0.762962
1419	1265	0.593934
30	155	0.658114
1345	516	0.558557
1388	516	0.558557
413	84	0.819438
406	84	0.583983
382	84	0.895285
1152	84	0.895285
396	84	0.579001
401	84	0.895285
74	84	0.625
431	84	0.723607
665	84	0.926401
647	84	0.934372
670	84	0.625
1138	84	0.625
78	84	0.625
662	84	0.555781
653	84	0.625
410	84	0.926401
651	84	0.880693
20	84	0.895285
63	84	0.625
67	84	0.625
1693	84	0.926401
69	84	0.877964
408	84	0.895285
375	84	0.826164
649	84	0.552177
1831	84	0.877964
100	84	0.889249
644	84	0.895285
1466	84	0.548728
1833	84	0.926401
400	84	0.579001
645	84	0.579001
1522	84	0.877964
648	84	0.579001
657	84	0.625
414	84	0.583983
76	84	0.579001
676	84	0.895285
681	84	0.625
62	84	0.579001
659	84	0.583983
99	84	0.625
381	84	0.895285
391	84	0.926401
669	84	0.625
390	84	0.579001
75	84	0.625
403	84	0.625
740	84	0.723607
404	84	0.532103
385	84	0.579001
392	84	0.625
1474	1139	0.569843
356	1802	0.597559
1474	1802	0.587259
949	1796	0.498395
1870	1796	0.599903
1474	1796	0.627343
997	1796	0.449575
1391	1796	0.481902
1761	1796	0.472492
83	178	0.482893
249	178	0.515639
1474	178	0.615214
1345	1064	0.574762
1388	1064	0.574762
1419	1064	0.578087
1114	1133	0.56305
1749	348	0.683597
1258	1271	0.628247
1326	1790	0.444847
1407	914	0.421216
1370	914	0.837316
960	914	0.94165
571	914	0.538835
1183	914	0.905403
1359	914	0.466625
1640	1441	0.425816
1474	1441	0.747436
1767	1441	0.442702
1395	1441	0.48183
87	373	0.607724
1524	373	0.575694
656	373	0.827327
103	373	0.575694
85	373	0.869344
675	373	0.491147
417	373	0.521753
423	373	0.565686
431	373	0.619523
680	373	0.655688
90	373	0.499537
112	373	0.655688
412	373	0.734399
660	373	0.808611
1027	373	0.636848
97	373	0.580662
398	373	0.647703
654	373	0.526704
658	373	0.745183
171	373	0.50984
672	373	0.609982
673	373	0.755621
1638	373	0.619523
80	373	0.599033
399	373	0.791325
397	373	0.441541
407	373	0.531422
416	373	0.745183
674	373	0.609982
81	373	0.678553
1724	373	0.575694
409	373	0.681234
666	373	0.580662
108	373	0.575694
110	373	0.590427
425	373	0.45848
426	373	0.532808
668	373	0.691397
418	373	0.604719
740	373	0.619523
376	373	0.685574
393	373	0.43747
678	373	0.510926
718	1055	0.607929
480	1055	0.607929
470	1055	0.607929
472	1055	0.607929
694	1055	0.607929
178	83	0.482893
696	83	0.667011
532	1819	0.574856
361	260	0.746598
431	736	0.599015
101	736	0.540203
1383	736	0.445956
481	736	0.551451
1638	736	0.599015
491	736	0.647888
154	736	0.405535
1743	736	0.529967
740	736	0.599015
370	762	0.75
116	237	0.509455
61	237	0.402034
768	237	0.402034
958	1809	0.529203
953	1809	0.411438
1124	1809	0.408747
884	1809	0.419776
1474	1809	0.584017
562	785	0.453622
849	785	0.679597
527	1571	0.652854
233	1571	0.696116
1172	1571	0.741121
413	396	0.636054
406	396	0.46737
1215	396	0.8371
107	396	0.579001
1152	396	0.8371
84	396	0.579001
401	396	0.8371
74	396	0.926401
431	396	0.690693
665	396	0.454545
647	396	0.46737
670	396	0.926401
1138	396	0.926401
78	396	0.926401
662	396	0.434743
653	396	0.579001
410	396	0.454545
651	396	0.688293
20	396	0.8371
63	396	0.926401
67	396	0.926401
1693	396	0.727273
69	396	0.943203
408	396	0.8371
375	396	0.401119
649	396	0.949673
1831	396	0.943203
100	396	0.434743
644	396	0.8371
1466	396	0.428728
1833	396	0.454545
64	396	0.579001
664	396	0.579001
1522	396	0.428728
648	396	0.727273
657	396	0.926401
76	396	0.727273
676	396	0.8371
681	396	0.926401
62	396	0.727273
659	396	0.747792
99	396	0.926401
381	396	0.8371
391	396	0.727273
669	396	0.926401
390	396	0.727273
75	396	0.926401
403	396	0.926401
740	396	0.690693
404	396	0.663281
385	396	0.727273
392	396	0.926401
289	295	0.819142
173	295	0.407407
182	295	0.407407
240	295	0.819142
1474	1791	0.576472
981	1791	0.495842
295	289	0.819142
173	289	0.819142
182	289	0.819142
6	174	0.403411
413	401	0.752538
406	401	0.843401
1215	401	0.4
107	401	0.895285
382	401	0.4
84	401	0.895285
396	401	0.8371
74	401	0.895285
431	401	0.782843
665	401	0.8371
647	401	0.843401
670	401	0.895285
1138	401	0.895285
78	401	0.895285
662	401	0.807729
653	401	0.895285
410	401	0.8371
651	401	0.800965
63	401	0.895285
67	401	0.895285
1693	401	0.8371
69	401	0.798807
375	401	0.757855
649	401	0.80317
1831	401	0.798807
100	401	0.807729
1466	401	0.798807
1833	401	0.8371
400	401	0.8371
645	401	0.8371
64	401	0.895285
421	401	0.4
1522	401	0.798807
648	401	0.8371
657	401	0.895285
76	401	0.8371
681	401	0.895285
62	401	0.8371
659	401	0.843401
99	401	0.895285
391	401	0.8371
669	401	0.895285
390	401	0.8371
75	401	0.895285
403	401	0.895285
740	401	0.782843
404	401	0.777778
385	401	0.8371
392	401	0.895285
1303	1797	0.47599
322	1797	0.4855
1257	1797	0.406132
1332	1797	0.420407
355	1797	0.426567
1474	1797	0.711604
1815	1797	0.616116
1416	1797	0.464912
1002	1797	0.461153
1298	1797	0.431056
431	618	0.624035
740	618	0.624035
276	1877	0.565681
718	482	0.720244
698	482	0.840105
132	482	0.420706
671	482	0.586845
480	482	0.720244
466	482	0.840105
470	482	0.720244
465	482	0.586845
442	482	0.840105
700	482	0.840105
717	482	0.840105
472	482	0.720244
697	482	0.596238
439	482	0.586845
690	482	0.840105
705	482	0.586845
460	482	0.586845
695	482	0.586845
49	482	0.419766
694	482	0.720244
707	482	0.586845
844	637	0.897697
287	637	0.632653
838	637	0.632653
1177	953	0.517743
958	953	0.454885
1809	953	0.411438
1124	953	0.661401
884	953	0.676032
1474	953	0.592981
1260	953	0.580387
1245	953	0.453493
1402	953	0.430024
1018	953	0.543914
1345	948	0.581403
483	948	0.573632
936	948	0.445754
505	948	0.573632
492	948	0.573632
1388	948	0.581403
1796	949	0.498395
932	949	0.543713
883	949	0.465527
874	949	0.503208
1755	949	0.463455
1171	949	0.572957
1326	949	0.46639
997	949	0.641748
984	949	0.652907
1359	949	0.591802
1761	949	0.531351
483	1787	0.63525
104	1787	0.716213
1244	1787	0.716213
1684	1787	0.716213
61	517	0.464665
768	517	0.464665
431	832	0.69245
369	832	0.545465
740	832	0.69245
941	1060	0.80094
1762	1060	0.564206
1324	1060	0.896687
686	614	0.652374
483	294	0.667705
356	1781	0.575321
1474	168	0.598216
413	74	0.819438
406	74	0.583983
107	74	0.625
1152	74	0.895285
84	74	0.625
396	74	0.926401
401	74	0.895285
431	74	0.723607
665	74	0.579001
647	74	0.583983
662	74	0.555781
653	74	0.625
410	74	0.579001
651	74	0.880693
20	74	0.895285
67	74	0.625
1693	74	0.579001
69	74	0.877964
408	74	0.895285
375	74	0.516353
649	74	0.883482
1831	74	0.877964
100	74	0.555781
644	74	0.895285
1466	74	0.548728
1833	74	0.579001
400	74	0.926401
645	74	0.926401
64	74	0.625
664	74	0.625
1522	74	0.548728
648	74	0.579001
657	74	0.625
76	74	0.926401
676	74	0.895285
62	74	0.926401
659	74	0.583983
381	74	0.895285
391	74	0.579001
669	74	0.625
390	74	0.579001
740	74	0.723607
404	74	0.532103
385	74	0.926401
392	74	0.625
1524	423	0.753511
656	423	0.649299
103	423	0.580407
85	423	0.552387
675	423	0.529931
417	423	0.453137
373	423	0.565686
431	423	0.64825
680	423	0.450186
90	423	0.57402
112	423	0.450186
412	423	0.626374
660	423	0.604748
1027	423	0.596485
97	423	0.468727
398	423	0.563902
654	423	0.563902
415	423	0.481594
658	423	0.468727
672	423	0.421662
1638	423	0.64825
80	423	0.437851
399	423	0.60067
407	423	0.735577
416	423	0.468727
674	423	0.421662
81	423	0.536067
1724	423	0.580407
666	423	0.468727
108	423	0.580407
110	423	0.47124
667	423	0.660996
425	423	0.607639
426	423	0.480571
740	423	0.64825
376	423	0.541425
678	423	0.628167
1574	1868	0.568573
356	122	0.583566
7	1	0.691436
279	1	0.483341
756	1	0.407627
696	1	0.678437
713	1	0.452693
1755	1072	0.437962
959	1072	0.501807
368	1108	0.461936
1424	1108	0.609992
1474	1108	0.598693
1298	1108	0.521223
276	141	0.528458
222	574	0.438068
413	431	0.642857
441	431	0.794884
1524	431	0.626491
656	431	0.682574
406	431	0.694257
89	431	0.808607
103	431	0.626491
107	431	0.723607
85	431	0.613228
675	431	0.602598
1152	431	0.782843
417	431	0.636083
84	431	0.723607
373	431	0.619523
736	431	0.599015
396	431	0.690693
401	431	0.782843
618	431	0.624035
832	431	0.69245
74	431	0.723607
423	431	0.64825
800	431	0.598533
90	431	0.59759
665	431	0.690693
300	431	0.671499
647	431	0.694257
227	431	0.622628
112	431	0.634231
670	431	0.723607
1138	431	0.723607
458	431	0.69245
474	431	0.602869
78	431	0.723607
219	431	0.653393
412	431	0.64825
1810	431	0.645865
660	431	0.638013
626	431	0.643592
662	431	0.674078
1798	431	0.671499
653	431	0.723607
271	431	0.647442
410	431	0.690693
195	431	0.602062
285	431	0.723607
306	431	0.661165
1027	431	0.607211
651	431	0.670251
20	431	0.782843
97	431	0.645865
1386	431	0.600251
63	431	0.723607
857	431	0.594072
579	431	0.627
67	431	0.723607
1693	431	0.690693
512	431	0.661165
398	431	0.618678
69	431	0.669031
253	431	0.577968
408	431	0.782843
850	431	0.616642
220	431	0.625491
654	431	0.618678
375	431	0.645865
649	431	0.671499
1831	431	0.669031
415	431	0.634231
658	431	0.645865
1783	431	0.664399
317	431	0.64072
101	431	0.59759
792	431	0.587204
207	431	0.629641
100	431	0.674078
644	431	0.782843
1383	431	0.594703
1466	431	0.669031
672	431	0.678174
1833	431	0.690693
481	431	0.594703
1775	431	0.642134
744	431	0.808607
400	431	0.690693
485	431	0.808607
645	431	0.690693
64	431	0.723607
491	431	0.611111
457	431	0.602598
80	431	0.626491
1522	431	0.669031
648	431	0.690693
399	431	0.636083
336	431	0.594281
397	431	0.645095
657	431	0.723607
407	431	0.619952
76	431	0.690693
676	431	0.782843
681	431	0.723607
416	431	0.645865
62	431	0.690693
659	431	0.694257
154	431	0.630744
99	431	0.723607
674	431	0.678174
81	431	0.661165
1724	431	0.626491
666	431	0.645865
364	431	0.626491
108	431	0.626491
140	431	0.608148
381	431	0.782843
1743	431	0.593865
1216	431	0.670251
110	431	0.647442
391	431	0.690693
357	431	0.596225
667	431	0.63484
425	431	0.625
426	431	0.633631
669	431	0.723607
390	431	0.690693
75	431	0.723607
668	431	0.658114
403	431	0.723607
137	431	0.600759
404	431	0.657135
376	431	0.662221
739	431	0.808607
385	431	0.690693
392	431	0.723607
678	431	0.634231
914	1407	0.421216
571	1407	0.555583
486	1407	0.404809
1416	1407	0.403706
1359	1407	0.4304
431	800	0.598533
77	800	0.598533
866	800	0.598533
1638	800	0.598533
740	800	0.598533
633	636	0.523331
263	636	0.608536
1617	636	0.623953
638	636	0.608536
9	449	0.80104
702	449	0.697546
711	449	0.548594
448	449	0.554243
135	449	0.80104
710	449	0.54995
446	449	0.548594
147	449	0.434404
712	449	0.689055
454	449	0.575
452	449	0.548594
145	449	0.575
709	449	0.528341
1294	982	0.444056
992	1185	0.642239
1318	1185	0.514193
1026	1185	0.52944
1132	1185	0.480152
913	1185	0.555211
1544	1185	0.516803
1452	1185	0.567287
1692	1185	0.500993
932	1185	0.545826
883	1185	0.609525
904	1185	0.672429
942	1185	0.514236
874	1185	0.658839
1755	1185	0.674015
1033	1185	0.448039
916	1185	0.628139
878	1185	0.748513
1171	1185	0.609525
1805	1185	0.436733
1766	1185	0.601511
1702	1185	0.545826
1555	1185	0.513678
964	1185	0.654396
959	1185	0.49355
997	1185	0.418783
1267	1185	0.446817
1610	1185	0.622782
984	1185	0.577718
1761	1185	0.571825
980	1185	0.976851
571	1417	0.482951
1032	1417	0.418855
1474	1417	0.657459
1688	483	0.553709
948	483	0.573632
1787	483	0.63525
294	483	0.667705
208	483	0.609985
298	483	0.655543
183	483	0.675562
227	483	0.630066
973	483	0.55861
104	483	0.812772
1106	483	0.631056
826	483	0.597642
57	483	0.622068
617	483	0.693649
462	483	0.59934
1244	483	0.812772
66	483	0.675562
1684	483	0.812772
151	483	0.587186
117	483	0.678017
474	547	0.674423
1432	547	0.894215
317	547	0.738602
144	547	0.894215
1469	363	0.40685
1301	363	0.402968
1450	1054	0.434723
1474	1054	0.576772
1358	1054	0.435624
1690	927	0.405804
87	680	0.694635
1524	680	0.524956
656	680	0.665166
103	680	0.524956
85	680	0.639422
675	680	0.476848
417	680	0.423028
373	680	0.655688
423	680	0.450186
90	680	0.622353
112	680	0.567568
412	680	0.628167
660	680	0.723286
1027	680	0.510444
97	680	0.469847
398	680	0.509225
654	680	0.653505
658	680	0.643486
672	680	0.403554
673	680	0.45877
1638	680	0.634231
80	680	0.551204
399	680	0.708113
407	680	0.51179
416	680	0.469847
674	680	0.403554
81	680	0.547484
1724	680	0.524956
409	680	0.567568
666	680	0.469847
108	680	0.524956
110	680	0.4776
402	680	0.400165
425	680	0.400165
426	680	0.413487
668	680	0.531574
418	680	0.466083
376	680	0.553046
393	680	0.5224
678	680	0.414414
87	90	0.67064
1524	90	0.545627
656	90	0.767261
103	90	0.545627
85	90	0.459505
417	90	0.476983
373	90	0.499537
423	90	0.57402
431	90	0.59759
680	90	0.622353
112	90	0.731265
412	90	0.546686
660	90	0.625939
1027	90	0.686156
97	90	0.834522
398	90	0.71224
654	90	0.603158
415	90	0.490103
658	90	0.683598
672	90	0.565042
1638	90	0.59759
80	90	0.425164
399	90	0.612128
397	90	0.404943
106	90	0.599794
407	90	0.502321
416	90	0.532673
703	90	0.457983
674	90	0.773861
81	90	0.625531
1724	90	0.545627
409	90	0.622353
666	90	0.683598
108	90	0.425164
110	90	0.54192
667	90	0.861873
402	90	0.66777
425	90	0.772109
426	90	0.486646
668	90	0.636778
394	90	0.55756
418	90	0.554597
740	90	0.59759
376	90	0.800793
393	90	0.576022
678	90	0.599015
295	173	0.407407
289	173	0.819142
240	173	0.819142
413	665	0.636054
406	665	0.46737
107	665	0.926401
382	665	0.8371
1152	665	0.8371
84	665	0.926401
396	665	0.454545
401	665	0.8371
74	665	0.579001
431	665	0.690693
647	665	0.747792
670	665	0.579001
1138	665	0.579001
78	665	0.579001
662	665	0.434743
653	665	0.579001
410	665	0.727273
651	665	0.688293
20	665	0.8371
63	665	0.579001
67	665	0.579001
1693	665	0.727273
69	665	0.685966
408	665	0.8371
375	665	0.882461
649	665	0.43167
1831	665	0.685966
100	665	0.695589
644	665	0.8371
1466	665	0.428728
1833	665	0.727273
400	665	0.454545
645	665	0.454545
64	665	0.926401
1522	665	0.685966
648	665	0.454545
657	665	0.579001
414	665	0.46737
76	665	0.454545
676	665	0.8371
681	665	0.579001
62	665	0.454545
659	665	0.46737
99	665	0.579001
381	665	0.8371
391	665	0.727273
669	665	0.579001
390	665	0.727273
75	665	0.579001
403	665	0.579001
740	665	0.690693
404	665	0.663281
385	665	0.454545
392	665	0.579001
431	300	0.671499
740	300	0.671499
483	208	0.609985
104	208	0.675824
1244	208	0.675824
1684	208	0.675824
892	924	0.488802
903	924	0.457932
1474	924	0.575665
897	924	0.426856
1372	1426	0.840105
1571	527	0.652854
496	527	0.652854
494	527	0.652854
497	527	0.652854
749	527	0.652854
206	527	0.652854
746	527	0.652854
752	527	0.652854
738	527	0.652854
748	527	0.652854
256	575	0.635582
116	575	0.541072
61	575	0.425389
768	575	0.425389
909	1017	0.583874
1100	1017	0.583874
1094	1017	0.573552
1711	1017	0.583874
367	594	0.733126
358	594	0.733126
413	647	0.867701
406	647	0.471698
107	647	0.934372
382	647	0.843401
1152	647	0.843401
84	647	0.934372
396	647	0.46737
401	647	0.843401
74	647	0.583983
431	647	0.694257
665	647	0.747792
670	647	0.583983
1138	647	0.583983
78	647	0.583983
662	647	0.447198
653	647	0.583983
410	647	0.747792
651	647	0.708084
20	647	0.843401
63	647	0.583983
67	647	0.583983
1693	647	0.747792
69	647	0.705713
408	647	0.843401
375	647	0.660712
649	647	0.444067
1831	647	0.705713
100	647	0.715517
644	647	0.843401
1466	647	0.441071
1833	647	0.747792
400	647	0.46737
645	647	0.46737
64	647	0.934372
1522	647	0.705713
648	647	0.46737
657	647	0.583983
414	647	0.471698
76	647	0.46737
676	647	0.843401
681	647	0.583983
62	647	0.46737
659	647	0.471698
99	647	0.583983
381	647	0.843401
391	647	0.747792
669	647	0.583983
390	647	0.46737
75	647	0.583983
403	647	0.583983
740	647	0.694257
404	647	0.426628
385	647	0.46737
392	647	0.583983
794	772	0.535726
573	772	0.535726
1637	1205	0.421475
483	298	0.655543
104	298	0.748652
1244	298	0.748652
1684	298	0.748652
1428	957	0.412776
1474	957	0.630558
1416	957	0.498515
1641	810	0.551675
572	810	0.864302
764	810	0.798065
992	1318	0.525512
1185	1318	0.514193
1026	1318	0.460734
913	1318	0.480831
1544	1318	0.450879
1692	1318	0.43855
932	1318	0.473512
883	1318	0.65151
904	1318	0.484234
942	1318	0.448877
874	1318	0.529668
1755	1318	0.730883
1033	1318	0.46784
916	1318	0.461273
878	1318	0.522854
1171	1318	0.517178
1766	1318	0.415206
1702	1318	0.473512
1555	1318	0.448442
964	1318	0.472531
959	1318	0.432745
984	1318	0.498383
1359	1318	0.402715
1761	1318	0.493788
980	1318	0.525512
1474	232	0.587259
295	182	0.407407
289	182	0.819142
240	182	0.819142
531	303	0.551675
1807	303	0.551675
77	303	0.715666
866	303	0.715666
1571	233	0.696116
496	233	0.696116
494	233	0.696116
497	233	0.696116
749	233	0.696116
206	233	0.696116
746	233	0.696116
752	233	0.696116
738	233	0.696116
748	233	0.696116
483	183	0.675562
104	183	0.780655
1244	183	0.780655
1684	183	0.780655
431	227	0.622628
483	227	0.630066
1820	227	0.582178
740	227	0.622628
87	112	0.694635
1524	112	0.673694
656	112	0.867607
103	112	0.822431
85	112	0.639422
675	112	0.747061
417	112	0.551776
373	112	0.655688
423	112	0.450186
431	112	0.634231
680	112	0.567568
90	112	0.731265
412	112	0.806147
660	112	0.723286
195	112	0.566958
1027	112	0.623875
97	112	0.786482
398	112	0.653505
654	112	0.653505
415	112	0.414414
658	112	0.786482
672	112	0.640119
673	112	0.45877
80	112	0.822431
399	112	0.708113
397	112	0.466083
407	112	0.656797
416	112	0.786482
674	112	0.876685
81	112	0.71411
1724	112	0.673694
409	112	0.720721
666	112	0.960121
108	112	0.673694
110	112	0.622957
667	112	0.544223
402	112	0.548051
425	112	0.817728
426	112	0.413487
668	112	0.924476
418	112	0.638331
740	112	0.634231
376	112	0.721365
393	112	0.663365
678	112	0.693694
4	646	0.410926
1474	733	0.581832
1673	733	0.400552
65	733	0.452671
413	670	0.819438
406	670	0.583983
107	670	0.625
1152	670	0.895285
84	670	0.625
396	670	0.926401
401	670	0.895285
431	670	0.723607
665	670	0.579001
647	670	0.583983
662	670	0.555781
653	670	0.625
410	670	0.579001
651	670	0.880693
20	670	0.895285
67	670	0.625
1693	670	0.579001
69	670	0.877964
408	670	0.895285
375	670	0.516353
649	670	0.883482
1831	670	0.877964
100	670	0.555781
644	670	0.895285
1466	670	0.548728
1833	670	0.579001
400	670	0.926401
645	670	0.926401
64	670	0.625
664	670	0.625
1522	670	0.548728
648	670	0.579001
657	670	0.625
76	670	0.926401
676	670	0.895285
62	670	0.926401
659	670	0.583983
381	670	0.895285
391	670	0.579001
669	670	0.625
390	670	0.579001
740	670	0.723607
404	670	0.532103
385	670	0.926401
392	670	0.625
483	973	0.55861
102	973	0.424886
1696	973	0.603867
125	973	0.407665
1277	973	0.608775
888	973	0.438232
1474	973	0.567677
79	973	0.536836
1461	973	0.476791
1021	973	0.612786
718	503	0.564674
480	503	0.564674
470	503	0.564674
472	503	0.564674
694	503	0.564674
1326	1202	0.437036
1474	1202	0.598693
1639	1202	0.590094
992	1026	0.464917
1185	1026	0.52944
1318	1026	0.460734
883	1026	0.440247
904	1026	0.427936
874	1026	0.477452
1755	1026	0.610483
878	1026	0.560628
1171	1026	0.440247
1766	1026	0.419577
1610	1026	0.594632
980	1026	0.570362
1214	963	0.61726
1453	963	0.715432
1574	963	0.622474
696	353	0.658114
1474	1008	0.619523
319	790	0.676777
1598	790	0.587186
231	790	0.647799
345	790	0.667705
1630	790	0.728748
773	790	0.644338
77	34	0.632453
866	34	0.632453
1310	1211	0.51674
992	1132	0.406286
1185	1132	0.480152
913	1132	0.453457
904	1132	0.46511
874	1132	0.41706
1755	1132	0.485739
916	1132	0.437449
878	1132	0.50796
1805	1132	0.409119
1766	1132	0.571541
964	1132	0.443213
1115	1132	0.678404
1220	1132	0.456046
1267	1132	0.611935
1610	1132	0.605021
980	1132	0.516635
828	3	0.492313
126	3	0.822463
413	1138	0.819438
406	1138	0.583983
107	1138	0.625
1152	1138	0.895285
84	1138	0.625
396	1138	0.926401
401	1138	0.895285
431	1138	0.723607
665	1138	0.579001
647	1138	0.583983
662	1138	0.555781
653	1138	0.625
410	1138	0.579001
651	1138	0.880693
20	1138	0.895285
67	1138	0.625
1693	1138	0.579001
69	1138	0.877964
408	1138	0.895285
375	1138	0.516353
649	1138	0.883482
1831	1138	0.877964
100	1138	0.555781
644	1138	0.895285
1466	1138	0.548728
1833	1138	0.579001
400	1138	0.926401
645	1138	0.926401
64	1138	0.625
664	1138	0.625
1522	1138	0.548728
648	1138	0.579001
657	1138	0.625
76	1138	0.926401
676	1138	0.895285
62	1138	0.926401
659	1138	0.583983
381	1138	0.895285
391	1138	0.579001
669	1138	0.625
390	1138	0.579001
740	1138	0.723607
404	1138	0.532103
385	1138	0.926401
392	1138	0.625
607	473	0.846825
22	5	0.565379
13	5	0.628273
6	5	0.407775
696	5	0.694189
737	5	0.714946
899	1214	0.573721
1723	1214	0.551596
905	1214	0.586328
1079	1214	0.611049
963	1214	0.61726
1035	1214	0.598751
1116	1214	0.588514
1148	1214	0.607719
1453	1214	0.630289
1030	1214	0.565808
1012	1214	0.570139
1031	1214	0.643256
1525	1214	0.597045
1348	1214	0.61726
1564	1214	0.581502
1401	1214	0.637243
994	1214	0.561931
1003	1214	0.638193
1436	1214	0.625716
1601	1214	0.577235
1333	1214	0.604052
1604	1214	0.553245
1393	1214	0.602647
1440	1214	0.617851
1585	1214	0.573003
1760	1214	0.611299
1286	1214	0.581403
978	1214	0.551274
881	1011	0.685966
624	615	0.593205
1492	615	0.593205
1481	615	0.593205
441	458	0.826315
431	458	0.69245
1798	458	0.682909
1466	458	0.434794
1775	458	0.627809
740	458	0.69245
1474	1328	0.591287
718	671	0.757539
698	671	0.897697
132	671	0.537755
482	671	0.586845
480	671	0.757539
466	671	0.897697
470	671	0.757539
465	671	0.632653
442	671	0.897697
700	671	0.897697
717	671	0.897697
472	671	0.757539
697	671	0.642521
690	671	0.897697
705	671	0.632653
460	671	0.632653
695	671	0.632653
49	671	0.536656
694	671	0.757539
536	782	0.806186
1750	782	0.561224
1739	782	0.513888
486	782	0.611931
750	782	0.695127
1474	809	0.644338
1421	1101	0.534279
906	1101	0.412096
1326	1101	0.427739
1474	1101	0.591161
1573	1087	0.404236
1220	1087	0.438921
1610	1087	0.592057
1794	1087	0.456508
1214	1035	0.598751
1241	1035	0.440333
1326	1035	0.442528
431	474	0.602869
547	474	0.674423
271	474	0.618181
1432	474	0.448331
788	474	0.674423
1437	474	0.674423
740	474	0.602869
144	474	0.448331
1574	218	0.576176
1474	1125	0.583141
1345	918	0.629492
872	918	0.506762
72	918	0.433678
1388	918	0.629492
886	918	0.886123
885	918	0.511869
1028	918	0.440488
887	918	0.560976
41	918	0.522112
1044	918	0.550479
990	918	0.517854
379	918	0.433678
986	918	0.482553
1321	918	0.61554
283	159	0.598268
1753	159	0.643895
500	159	0.598268
194	159	0.417737
834	159	0.598268
1460	159	0.604624
1608	159	0.750701
624	655	0.641737
1492	655	0.641737
1481	655	0.641737
444	655	0.796136
1214	1116	0.588514
1474	1116	0.59245
1313	972	0.451507
1474	972	0.614708
1298	972	0.723717
191	288	0.5838
1559	288	0.580898
1719	288	0.580757
1586	288	0.59934
413	78	0.819438
406	78	0.583983
107	78	0.625
1152	78	0.895285
84	78	0.625
396	78	0.926401
401	78	0.895285
431	78	0.723607
665	78	0.579001
647	78	0.583983
662	78	0.555781
653	78	0.625
410	78	0.579001
651	78	0.880693
20	78	0.895285
67	78	0.625
1693	78	0.579001
69	78	0.877964
408	78	0.895285
375	78	0.516353
649	78	0.883482
1831	78	0.877964
100	78	0.555781
644	78	0.895285
1466	78	0.548728
1833	78	0.579001
400	78	0.926401
645	78	0.926401
64	78	0.625
664	78	0.625
1522	78	0.548728
648	78	0.579001
657	78	0.625
76	78	0.926401
676	78	0.895285
62	78	0.926401
659	78	0.583983
381	78	0.895285
391	78	0.579001
669	78	0.625
390	78	0.579001
740	78	0.723607
404	78	0.532103
385	78	0.926401
392	78	0.625
1638	631	0.666667
1428	1484	0.421574
1771	1484	0.751805
1870	1484	0.452513
355	1484	0.405961
1474	1484	0.647442
1245	1484	0.432085
431	219	0.653393
626	219	0.455554
285	219	0.526873
1638	219	0.653393
740	219	0.653393
1787	104	0.716213
483	104	0.812772
208	104	0.675824
298	104	0.748652
183	104	0.780655
826	104	0.656091
57	104	0.69514
617	104	0.80957
66	104	0.780655
117	104	0.78458
87	412	0.465029
1524	412	0.753511
656	412	0.905999
103	412	0.926615
85	412	0.717134
675	412	0.84603
417	412	0.632284
373	412	0.734399
423	412	0.626374
431	412	0.64825
680	412	0.628167
90	412	0.546686
112	412	0.806147
660	412	0.785111
195	412	0.505606
1027	412	0.568081
97	412	0.654037
398	412	0.732083
654	412	0.732083
415	412	0.481594
658	412	0.654037
672	412	0.421662
673	412	0.497553
1638	412	0.64825
80	412	0.784058
399	412	0.779817
397	412	0.500116
407	412	0.90456
416	412	0.839348
154	412	0.423948
674	412	0.668844
81	412	0.748
1724	412	0.753511
409	412	0.481594
666	412	0.654037
108	412	0.926615
110	412	0.657544
667	412	0.482632
402	412	0.465856
425	412	0.779803
426	412	0.658173
668	412	0.762936
418	412	0.500116
740	412	0.64825
376	412	0.755476
393	412	0.44517
678	412	0.806147
1474	1151	0.556766
1474	247	0.568897
273	1488	0.897
335	1488	0.630435
914	1370	0.837316
960	1370	0.688061
571	1370	0.461126
1183	1370	0.746391
486	1370	0.44377
30	1370	0.626592
992	913	0.597383
1185	913	0.555211
1318	913	0.480831
1132	913	0.453457
1255	913	0.438101
1544	913	0.406202
932	913	0.431072
883	913	0.566198
904	913	0.526092
942	913	0.404002
874	913	0.613221
1755	913	0.634367
916	913	0.800152
878	913	0.587355
1171	913	0.566198
1805	913	0.40942
1766	913	0.560891
